38.31285
38.54086
38.7276
38.89674
39.05391
39.19441
39.31239
39.4332
39.56469
39.74047
39.93628
40.16485
40.35969
40.56355
40.76002
40.9562
41.13448
41.33255
41.52561
41.70309
41.89156
42.06089
42.22202
42.41164
42.58499
38.35528
38.59017
38.78901
38.95381
39.1144
39.23546
39.34563
39.4537
39.58635
39.76031
39.96769
40.17986
40.37741
40.5769
40.76384
40.94599
41.15034
41.33963
41.51325
41.70318
41.89893
42.09125
42.24748
42.40874
42.58546
42.73856
42.86134
42.96627
43.06968
43.15565
43.25362
38.37176
38.60545
38.8144
38.97781
39.12538
39.26115
39.38573
39.49479
39.63756
39.82525
40.02287
40.22948
40.43501
40.64735
40.84053
41.03064
41.23104
41.42209
41.60362
41.78453
41.98597
42.17898
42.37048
42.5592
42.76012
42.93758
43.07415
43.20702
43.31488
43.42767
43.52986
38.36049
38.57946
38.7769
38.92881
39.07276
39.19614
39.30497
39.4304
39.56767
39.74842
39.95491
40.17172
40.37219
40.56886
40.74893
40.9278
41.12007
41.31601
41.50709
41.69318
41.89938
42.08554
42.27611
42.45963
42.64747
42.81747
